ÅyÇ∑Ç©ÇµÇPÅz Å@énì_X,énì_Y,èIì_X,èIì_Y,Aîgí∑ìÒílâªËáíl,Aîgí∑î˜ï™Ëáíl,Bîgí∑ìÒílâªËáíl,Bîgí∑î˜ï™Ëáíl,èàóùâÊëfêî
8,22,36,42,50,0,70,0,560
108,26,136,46,50,0,70,0,560
8,26,36,46,50,0,70,0,560
108,22,136,42,50,0,70,0,560
10,22,38,42,50,0,70,0,560
112,26,140,46,50,0,70,0,560
10,26,38,46,50,0,70,0,560
112,22,140,42,50,0,70,0,560
6,10,38,50,38,0,48,0,1280
88,18,120,58,38,0,48,0,1280
6,18,38,58,38,0,48,0,1280
88,10,120,50,38,0,48,0,1280
8,14,38,52,38,0,50,0,1140
94,16,124,54,38,0,50,0,1140
8,16,38,54,38,0,50,0,1140
94,14,124,52,38,0,50,0,1140
10,14,42,54,35,0,50,0,1280
96,14,130,54,35,0,50,0,1360
10,14,42,54,35,0,50,0,1280
96,14,130,54,35,0,50,0,1360
6,14,36,52,35,0,50,0,1140
108,16,138,54,35,0,50,0,1140
6,16,36,54,35,0,50,0,1140
108,14,138,52,35,0,50,0,1140
8,12,38,52,35,0,50,0,1200
112,16,142,56,35,0,50,0,1200
8,16,38,56,35,0,50,0,1200
112,12,142,52,35,0,50,0,1200
6,10,38,50,38,0,48,0,1280
88,18,120,58,38,0,48,0,1280
6,18,38,58,38,0,48,0,1280
88,10,120,50,38,0,48,0,1280
8,14,38,52,38,0,50,0,1140
94,16,124,54,38,0,50,0,1140
8,16,38,54,38,0,50,0,1140
94,14,124,52,38,0,50,0,1140
10,14,42,54,35,0,50,0,1280
96,14,130,54,35,0,50,0,1360
10,14,42,54,35,0,50,0,1280
96,14,130,54,35,0,50,0,1360
6,14,36,52,35,0,50,0,1140
108,16,138,54,35,0,50,0,1140
6,16,36,54,35,0,50,0,1140
108,14,138,52,35,0,50,0,1140
8,12,38,52,35,0,50,0,1200
112,16,142,56,35,0,50,0,1200
8,16,38,56,35,0,50,0,1200
112,12,142,52,35,0,50,0,1200
0,0,0,0,0,0,0,0,0
0,0,0,0,0,0,0,0,0
0,0,0,0,0,0,0,0,0
0,0,0,0,0,0,0,0,0
0,0,0,0,0,0,0,0,0
0,0,0,0,0,0,0,0,0
0,0,0,0,0,0,0,0,0
0,0,0,0,0,0,0,0,0
0,0,0,0,0,0,0,0,0
0,0,0,0,0,0,0,0,0
0,0,0,0,0,0,0,0,0
0,0,0,0,0,0,0,0,0
0,0,0,0,0,0,0,0,0
0,0,0,0,0,0,0,0,0
0,0,0,0,0,0,0,0,0
0,0,0,0,0,0,0,0,0
0,0,0,0,0,0,0,0,0
0,0,0,0,0,0,0,0,0
0,0,0,0,0,0,0,0,0
0,0,0,0,0,0,0,0,0
0,0,0,0,0,0,0,0,0
0,0,0,0,0,0,0,0,0
0,0,0,0,0,0,0,0,0
0,0,0,0,0,0,0,0,0

ÅyÇ∑Ç©ÇµÇQÅz
16,46,34,58,110,100,0,0,216
110,10,128,22,110,100,0,0,216
16,10,34,22,110,100,0,0,216
110,46,128,58,110,100,0,0,216
14,48,32,60,110,100,0,0,216
118,8,136,20,110,100,0,0,216
14,8,32,20,110,100,0,0,216
118,48,136,60,110,100,0,0,216
0,0,0,0,0,0,0,0,0
0,0,0,0,0,0,0,0,0
0,0,0,0,0,0,0,0,0
0,0,0,0,0,0,0,0,0
0,0,0,0,0,0,0,0,0
0,0,0,0,0,0,0,0,0
0,0,0,0,0,0,0,0,0
0,0,0,0,0,0,0,0,0
0,0,0,0,0,0,0,0,0
0,0,0,0,0,0,0,0,0
0,0,0,0,0,0,0,0,0
0,0,0,0,0,0,0,0,0
0,0,0,0,0,0,0,0,0
0,0,0,0,0,0,0,0,0
0,0,0,0,0,0,0,0,0
0,0,0,0,0,0,0,0,0
0,0,0,0,0,0,0,0,0
0,0,0,0,0,0,0,0,0
0,0,0,0,0,0,0,0,0
0,0,0,0,0,0,0,0,0
0,0,0,0,0,0,0,0,0
0,0,0,0,0,0,0,0,0
0,0,0,0,0,0,0,0,0
0,0,0,0,0,0,0,0,0
0,0,0,0,0,0,0,0,0
0,0,0,0,0,0,0,0,0
0,0,0,0,0,0,0,0,0
0,0,0,0,0,0,0,0,0
0,0,0,0,0,0,0,0,0
0,0,0,0,0,0,0,0,0
0,0,0,0,0,0,0,0,0
0,0,0,0,0,0,0,0,0
0,0,0,0,0,0,0,0,0
0,0,0,0,0,0,0,0,0
0,0,0,0,0,0,0,0,0
0,0,0,0,0,0,0,0,0
0,0,0,0,0,0,0,0,0
0,0,0,0,0,0,0,0,0
0,0,0,0,0,0,0,0,0
0,0,0,0,0,0,0,0,0
0,0,0,0,0,0,0,0,0
0,0,0,0,0,0,0,0,0
0,0,0,0,0,0,0,0,0
0,0,0,0,0,0,0,0,0
0,0,0,0,0,0,0,0,0
0,0,0,0,0,0,0,0,0
0,0,0,0,0,0,0,0,0
0,0,0,0,0,0,0,0,0
0,0,0,0,0,0,0,0,0
0,0,0,0,0,0,0,0,0
0,0,0,0,0,0,0,0,0
0,0,0,0,0,0,0,0,0
0,0,0,0,0,0,0,0,0
0,0,0,0,0,0,0,0,0
0,0,0,0,0,0,0,0,0
0,0,0,0,0,0,0,0,0
0,0,0,0,0,0,0,0,0
0,0,0,0,0,0,0,0,0
0,0,0,0,0,0,0,0,0
0,0,0,0,0,0,0,0,0
0,0,0,0,0,0,0,0,0
0,0,0,0,0,0,0,0,0
0,0,0,0,0,0,0,0,0
0,0,0,0,0,0,0,0,0

ÅyThreadÅz
72,10,96,58,0,30,0,0,1152
48,10,72,58,0,30,0,0,1152
72,10,96,58,0,30,0,0,1152
48,10,72,58,0,30,0,0,1152
76,10,100,58,0,30,0,0,1152
50,10,74,58,0,30,0,0,1152
76,10,100,58,0,30,0,0,1152
50,10,74,58,0,30,0,0,1152
40,6,66,66,0,40,0,0,1560
60,2,86,62,0,40,0,0,1560
40,2,66,62,0,40,0,0,1560
60,6,86,66,0,40,0,0,1560
36,6,62,62,0,60,0,0,1456
70,6,96,62,0,60,0,0,1456
36,6,62,62,0,60,0,0,1456
70,6,96,62,0,60,0,0,1456
40,8,68,62,0,40,0,0,1512
70,6,98,60,0,40,0,0,1512
40,6,68,60,0,40,0,0,1512
70,8,98,62,0,40,0,0,1512
48,8,74,64,0,40,0,0,1456
70,4,96,60,0,40,0,0,1456
48,4,74,60,0,40,0,0,1456
70,8,96,64,0,40,0,0,1456
44,6,72,62,0,60,0,0,1568
78,6,106,62,0,60,0,0,1568
44,6,72,62,0,60,0,0,1568
78,6,106,62,0,60,0,0,1568
40,6,66,66,0,40,0,0,1560
60,2,86,62,0,40,0,0,1560
40,2,66,62,0,40,0,0,1560
60,6,86,66,0,40,0,0,1560
36,6,62,62,0,60,0,0,1456
70,6,96,62,0,60,0,0,1456
36,6,62,62,0,60,0,0,1456
70,6,96,62,0,60,0,0,1456
40,8,68,62,0,40,0,0,1512
70,6,98,60,0,40,0,0,1512
40,6,68,60,0,40,0,0,1512
70,8,98,62,0,40,0,0,1512
48,8,74,64,0,40,0,0,1456
70,4,96,60,0,40,0,0,1456
48,4,74,60,0,40,0,0,1456
70,8,96,64,0,40,0,0,1456
44,6,72,62,0,60,0,0,1568
78,6,106,62,0,60,0,0,1568
44,6,72,62,0,60,0,0,1568
78,6,106,62,0,60,0,0,1568
0,0,0,0,0,0,0,0,0
0,0,0,0,0,0,0,0,0
0,0,0,0,0,0,0,0,0
0,0,0,0,0,0,0,0,0
0,0,0,0,0,0,0,0,0
0,0,0,0,0,0,0,0,0
0,0,0,0,0,0,0,0,0
0,0,0,0,0,0,0,0,0
0,0,0,0,0,0,0,0,0
0,0,0,0,0,0,0,0,0
0,0,0,0,0,0,0,0,0
0,0,0,0,0,0,0,0,0
0,0,0,0,0,0,0,0,0
0,0,0,0,0,0,0,0,0
0,0,0,0,0,0,0,0,0
0,0,0,0,0,0,0,0,0
0,0,0,0,0,0,0,0,0
0,0,0,0,0,0,0,0,0
0,0,0,0,0,0,0,0,0
0,0,0,0,0,0,0,0,0
0,0,0,0,0,0,0,0,0
0,0,0,0,0,0,0,0,0
0,0,0,0,0,0,0,0,0
0,0,0,0,0,0,0,0,0

ÅyIR 1Åz
104,8,136,48,70,0,0,0,1280
8,20,40,60,70,0,0,0,1280
104,20,136,60,70,0,0,0,1280
8,8,40,48,70,0,0,0,1280
108,8,140,48,70,0,0,0,1280
8,20,40,60,70,0,0,0,1280
108,20,140,60,70,0,0,0,1280
8,8,40,48,70,0,0,0,1280
96,12,116,44,75,0,0,0,640
10,24,30,56,75,0,0,0,640
96,24,116,56,75,0,0,0,640
10,12,30,44,75,0,0,0,640
100,12,124,60,70,0,0,0,1152
8,8,32,56,70,0,0,0,1152
100,8,124,56,70,0,0,0,1152
8,12,32,60,70,0,0,0,1152
102,10,126,42,80,0,0,0,768
12,26,36,58,80,0,0,0,768
102,26,126,58,80,0,0,0,768
12,10,36,42,80,0,0,0,768
110,12,134,42,75,0,0,0,720
10,26,34,56,75,0,0,0,720
110,26,134,56,75,0,0,0,720
10,12,34,42,75,0,0,0,720
108,12,138,44,75,0,0,0,960
12,24,42,56,75,0,0,0,960
108,24,138,56,75,0,0,0,960
12,12,42,44,75,0,0,0,960
96,12,116,44,75,0,0,0,640
10,24,30,56,75,0,0,0,640
96,24,116,56,75,0,0,0,640
10,12,30,44,75,0,0,0,640
100,12,124,60,70,0,0,0,1152
8,8,32,56,70,0,0,0,1152
100,8,124,56,70,0,0,0,1152
8,12,32,60,70,0,0,0,1152
102,10,126,42,80,0,0,0,768
12,26,36,58,80,0,0,0,768
102,26,126,58,80,0,0,0,768
12,10,36,42,80,0,0,0,768
110,12,134,42,75,0,0,0,720
10,26,34,56,75,0,0,0,720
110,26,134,56,75,0,0,0,720
10,12,34,42,75,0,0,0,720
108,12,138,44,75,0,0,0,960
12,24,42,56,75,0,0,0,960
108,24,138,56,75,0,0,0,960
12,12,42,44,75,0,0,0,960
0,0,0,0,0,0,0,0,0
0,0,0,0,0,0,0,0,0
0,0,0,0,0,0,0,0,0
0,0,0,0,0,0,0,0,0
0,0,0,0,0,0,0,0,0
0,0,0,0,0,0,0,0,0
0,0,0,0,0,0,0,0,0
0,0,0,0,0,0,0,0,0
0,0,0,0,0,0,0,0,0
0,0,0,0,0,0,0,0,0
0,0,0,0,0,0,0,0,0
0,0,0,0,0,0,0,0,0
0,0,0,0,0,0,0,0,0
0,0,0,0,0,0,0,0,0
0,0,0,0,0,0,0,0,0
0,0,0,0,0,0,0,0,0
0,0,0,0,0,0,0,0,0
0,0,0,0,0,0,0,0,0
0,0,0,0,0,0,0,0,0
0,0,0,0,0,0,0,0,0
0,0,0,0,0,0,0,0,0
0,0,0,0,0,0,0,0,0
0,0,0,0,0,0,0,0,0
0,0,0,0,0,0,0,0,0

ÅyIR 2Åz
34,44,66,64,80,0,70,0,640
78,4,110,24,80,0,70,0,640
34,4,66,24,80,0,70,0,640
78,44,110,64,80,0,70,0,640
34,44,64,64,70,85,70,0,600
86,4,116,24,70,85,70,0,600
34,4,64,24,70,85,70,0,600
86,44,116,64,70,85,70,0,600
100,42,118,60,45,130,0,0,324
8,8,26,26,45,130,0,0,324
100,8,118,26,45,130,0,0,324
8,42,26,60,45,130,0,0,324
100,40,124,60,55,100,0,0,480
8,8,32,28,55,100,0,0,480
100,8,124,28,55,100,0,0,480
8,40,32,60,55,100,0,0,480
108,40,134,62,55,130,0,0,572
4,6,30,28,55,130,0,0,572
108,6,134,28,55,130,0,0,572
4,40,30,62,55,130,0,0,572
110,42,138,62,40,160,0,0,560
6,6,34,26,40,160,0,0,560
110,6,138,26,40,160,0,0,560
6,42,34,62,40,160,0,0,560
112,42,146,60,60,130,0,0,612
4,8,38,26,60,130,0,0,612
112,8,146,26,60,130,0,0,612
4,42,38,60,60,130,0,0,612
100,42,118,60,45,130,0,0,324
8,8,26,26,45,130,0,0,324
100,8,118,26,45,130,0,0,324
8,42,26,60,45,130,0,0,324
100,40,124,60,55,100,0,0,480
8,8,32,28,55,100,0,0,480
100,8,124,28,55,100,0,0,480
8,40,32,60,55,100,0,0,480
108,40,134,62,55,130,0,0,572
4,6,30,28,55,130,0,0,572
108,6,134,28,55,130,0,0,572
4,40,30,62,55,130,0,0,572
110,42,138,62,40,160,0,0,560
6,6,34,26,40,160,0,0,560
110,6,138,26,40,160,0,0,560
6,42,34,62,40,160,0,0,560
112,42,146,60,60,130,0,0,612
4,8,38,26,60,130,0,0,612
112,8,146,26,60,130,0,0,612
4,42,38,60,60,130,0,0,612
0,0,0,0,0,0,0,0,0
0,0,0,0,0,0,0,0,0
0,0,0,0,0,0,0,0,0
0,0,0,0,0,0,0,0,0
0,0,0,0,0,0,0,0,0
0,0,0,0,0,0,0,0,0
0,0,0,0,0,0,0,0,0
0,0,0,0,0,0,0,0,0
0,0,0,0,0,0,0,0,0
0,0,0,0,0,0,0,0,0
0,0,0,0,0,0,0,0,0
0,0,0,0,0,0,0,0,0
0,0,0,0,0,0,0,0,0
0,0,0,0,0,0,0,0,0
0,0,0,0,0,0,0,0,0
0,0,0,0,0,0,0,0,0
0,0,0,0,0,0,0,0,0
0,0,0,0,0,0,0,0,0
0,0,0,0,0,0,0,0,0
0,0,0,0,0,0,0,0,0
0,0,0,0,0,0,0,0,0
0,0,0,0,0,0,0,0,0
0,0,0,0,0,0,0,0,0
0,0,0,0,0,0,0,0,0

ÅyIR 3Åz
40,14,66,38,80,0,0,0,624
78,30,104,54,80,0,0,0,624
40,30,66,54,80,0,0,0,624
78,14,104,38,80,0,0,0,624
48,12,74,36,60,0,0,0,624
76,32,102,56,60,0,0,0,624
48,32,74,56,50,0,0,0,624
76,12,102,36,50,0,0,0,624
60,6,82,52,90,0,0,0,1012
44,16,66,62,90,0,0,0,1012
60,16,82,62,90,0,0,0,1012
44,6,66,52,90,0,0,0,1012
62,16,84,50,90,0,0,0,748
48,18,70,52,90,0,0,0,748
62,18,84,52,90,0,0,0,748
48,16,70,50,90,0,0,0,748
44,44,86,64,85,0,0,0,840
52,4,94,24,85,0,0,0,840
44,4,86,24,85,0,0,0,840
52,44,94,64,85,0,0,0,840
66,22,86,52,85,0,0,0,600
58,16,78,46,85,0,0,0,600
66,16,86,46,85,0,0,0,600
58,22,78,52,85,0,0,0,600
8,16,38,62,100,0,0,0,1380
112,6,142,20,100,0,0,0,420
8,6,38,20,100,0,0,0,420
112,48,142,62,100,0,0,0,420
60,6,82,52,90,0,0,0,1012
44,16,66,62,90,0,0,0,1012
60,16,82,62,90,0,0,0,1012
44,6,66,52,90,0,0,0,1012
62,16,84,50,90,0,0,0,748
48,18,70,52,90,0,0,0,748
62,18,84,52,90,0,0,0,748
48,16,70,50,90,0,0,0,748
44,44,86,64,85,0,0,0,840
52,4,94,24,85,0,0,0,840
44,4,86,24,85,0,0,0,840
52,44,94,64,85,0,0,0,840
66,22,86,52,85,0,0,0,600
58,16,78,46,85,0,0,0,600
66,16,86,46,85,0,0,0,600
58,22,78,52,85,0,0,0,600
8,16,38,62,100,0,0,0,1380
112,6,142,20,100,0,0,0,420
8,6,38,20,100,0,0,0,420
112,48,142,62,100,0,0,0,420
0,0,0,0,0,0,0,0,0
0,0,0,0,0,0,0,0,0
0,0,0,0,0,0,0,0,0
0,0,0,0,0,0,0,0,0
0,0,0,0,0,0,0,0,0
0,0,0,0,0,0,0,0,0
0,0,0,0,0,0,0,0,0
0,0,0,0,0,0,0,0,0
0,0,0,0,0,0,0,0,0
0,0,0,0,0,0,0,0,0
0,0,0,0,0,0,0,0,0
0,0,0,0,0,0,0,0,0
0,0,0,0,0,0,0,0,0
0,0,0,0,0,0,0,0,0
0,0,0,0,0,0,0,0,0
0,0,0,0,0,0,0,0,0
0,0,0,0,0,0,0,0,0
0,0,0,0,0,0,0,0,0
0,0,0,0,0,0,0,0,0
0,0,0,0,0,0,0,0,0
0,0,0,0,0,0,0,0,0
0,0,0,0,0,0,0,0,0
0,0,0,0,0,0,0,0,0
0,0,0,0,0,0,0,0,0

ÅySoilÅz
8,22,36,42,70,170,0,0,560
108,26,136,46,70,170,0,0,560
8,26,36,46,70,170,0,0,560
108,22,136,42,70,170,0,0,560
10,22,38,42,70,170,0,0,560
112,26,140,46,70,170,0,0,560
10,26,38,46,70,170,0,0,560
112,22,140,42,70,170,0,0,560
10,20,32,40,0,0,0,0,440
90,28,114,48,0,0,0,0,480
10,28,32,48,0,0,0,0,440
92,18,112,42,0,0,0,0,480
8,20,30,42,0,0,0,0,484
98,26,120,48,0,0,0,0,484
10,26,30,48,0,0,0,0,440
100,18,118,40,0,0,0,0,396
8,20,30,42,0,0,0,0,484
104,26,128,48,0,0,0,0,528
12,22,30,50,0,0,0,0,504
104,18,124,46,0,0,0,0,560
10,20,30,40,0,0,0,0,400
108,26,132,48,0,0,0,0,528
12,26,32,50,0,0,0,0,480
110,20,132,42,0,0,0,0,484
10,18,32,42,0,0,0,0,528
116,26,138,50,0,0,0,0,528
10,24,32,50,0,0,0,0,572
116,18,138,44,0,0,0,0,572
10,20,32,40,70,170,0,0,440
90,28,114,48,70,170,0,0,480
10,28,32,48,70,170,0,0,440
92,18,112,42,70,170,0,0,480
8,20,30,42,70,170,0,0,484
98,26,120,48,70,170,0,0,484
10,26,30,48,70,170,0,0,440
100,18,118,40,70,170,0,0,396
8,20,30,42,70,170,0,0,484
104,26,128,48,70,170,0,0,528
12,22,30,50,70,170,0,0,504
104,18,124,46,70,170,0,0,560
10,20,30,40,70,170,0,0,400
108,26,132,48,70,170,0,0,528
12,26,32,50,70,170,0,0,480
110,20,132,42,70,170,0,0,484
10,18,32,42,70,170,0,0,528
116,26,138,50,70,170,0,0,528
10,24,32,50,70,170,0,0,572
116,18,138,44,70,170,0,0,572
0,0,0,0,0,0,0,0,0
0,0,0,0,0,0,0,0,0
0,0,0,0,0,0,0,0,0
0,0,0,0,0,0,0,0,0
0,0,0,0,0,0,0,0,0
0,0,0,0,0,0,0,0,0
0,0,0,0,0,0,0,0,0
0,0,0,0,0,0,0,0,0
0,0,0,0,0,0,0,0,0
0,0,0,0,0,0,0,0,0
0,0,0,0,0,0,0,0,0
0,0,0,0,0,0,0,0,0
0,0,0,0,0,0,0,0,0
0,0,0,0,0,0,0,0,0
0,0,0,0,0,0,0,0,0
0,0,0,0,0,0,0,0,0
0,0,0,0,0,0,0,0,0
0,0,0,0,0,0,0,0,0
0,0,0,0,0,0,0,0,0
0,0,0,0,0,0,0,0,0
0,0,0,0,0,0,0,0,0
0,0,0,0,0,0,0,0,0
0,0,0,0,0,0,0,0,0
0,0,0,0,0,0,0,0,0

ÅyHologramÅz
0,0,0,0,0,0,0,0,0
0,0,0,0,0,0,0,0,0
0,0,0,0,0,0,0,0,0
0,0,0,0,0,0,0,0,0
0,0,0,0,0,0,0,0,0
0,0,0,0,0,0,0,0,0
0,0,0,0,0,0,0,0,0
0,0,0,0,0,0,0,0,0
0,0,0,0,0,0,0,0,0
0,0,0,0,0,0,0,0,0
0,0,0,0,0,0,0,0,0
0,0,0,0,0,0,0,0,0
0,0,0,0,0,0,0,0,0
0,0,0,0,0,0,0,0,0
0,0,0,0,0,0,0,0,0
0,0,0,0,0,0,0,0,0
0,0,0,0,0,0,0,0,0
0,0,0,0,0,0,0,0,0
0,0,0,0,0,0,0,0,0
0,0,0,0,0,0,0,0,0
0,0,0,0,0,0,0,0,0
0,0,0,0,0,0,0,0,0
0,0,0,0,0,0,0,0,0
0,0,0,0,0,0,0,0,0
0,0,0,0,0,0,0,0,0
0,0,0,0,0,0,0,0,0
0,0,0,0,0,0,0,0,0
0,0,0,0,0,0,0,0,0
0,0,0,0,0,0,0,0,0
0,0,0,0,0,0,0,0,0
0,0,0,0,0,0,0,0,0
0,0,0,0,0,0,0,0,0
0,0,0,0,0,0,0,0,0
0,0,0,0,0,0,0,0,0
0,0,0,0,0,0,0,0,0
0,0,0,0,0,0,0,0,0
0,0,0,0,0,0,0,0,0
0,0,0,0,0,0,0,0,0
0,0,0,0,0,0,0,0,0
0,0,0,0,0,0,0,0,0
0,0,0,0,0,0,0,0,0
0,0,0,0,0,0,0,0,0
0,0,0,0,0,0,0,0,0
0,0,0,0,0,0,0,0,0
0,0,0,0,0,0,0,0,0
0,0,0,0,0,0,0,0,0
0,0,0,0,0,0,0,0,0
0,0,0,0,0,0,0,0,0
0,0,0,0,0,0,0,0,0
0,0,0,0,0,0,0,0,0
0,0,0,0,0,0,0,0,0
0,0,0,0,0,0,0,0,0
0,0,0,0,0,0,0,0,0
0,0,0,0,0,0,0,0,0
0,0,0,0,0,0,0,0,0
0,0,0,0,0,0,0,0,0
0,0,0,0,0,0,0,0,0
0,0,0,0,0,0,0,0,0
0,0,0,0,0,0,0,0,0
0,0,0,0,0,0,0,0,0
0,0,0,0,0,0,0,0,0
0,0,0,0,0,0,0,0,0
0,0,0,0,0,0,0,0,0
0,0,0,0,0,0,0,0,0
0,0,0,0,0,0,0,0,0
0,0,0,0,0,0,0,0,0
0,0,0,0,0,0,0,0,0
0,0,0,0,0,0,0,0,0
0,0,0,0,0,0,0,0,0
0,0,0,0,0,0,0,0,0
0,0,0,0,0,0,0,0,0
0,0,0,0,0,0,0,0,0

ÅyWM 20x20Åz
12,22,32,42,0,0,0,0,400
112,26,132,46,0,0,0,0,400
12,26,32,46,0,0,0,0,400
112,22,132,42,0,0,0,0,400
14,22,34,42,0,0,0,0,400
116,26,136,46,0,0,0,0,400
14,26,34,46,0,0,0,0,400
116,22,136,42,0,0,0,0,400
12,22,32,42,0,0,0,0,400
92,26,112,46,0,0,0,0,400
12,26,32,46,0,0,0,0,400
94,22,114,42,0,0,0,0,400
12,22,32,42,0,0,0,0,400
98,26,118,46,0,0,0,0,400
12,26,32,46,0,0,0,0,400
98,22,118,42,0,0,0,0,400
14,22,34,42,0,0,0,0,400
104,24,124,44,0,0,0,0,400
14,24,34,44,0,0,0,0,400
104,22,124,42,0,0,0,0,400
12,22,32,42,0,0,0,0,400
112,26,132,46,0,0,0,0,400
12,26,32,46,0,0,0,0,400
112,22,132,42,0,0,0,0,400
12,22,32,42,0,0,0,0,400
118,26,138,46,0,0,0,0,400
12,26,32,46,0,0,0,0,400
118,22,138,42,0,0,0,0,400
12,22,32,42,0,0,0,0,400
92,26,112,46,0,0,0,0,400
12,26,32,46,0,0,0,0,400
94,22,114,42,0,0,0,0,400
12,22,32,42,0,0,0,0,400
98,26,118,46,0,0,0,0,400
12,26,32,46,0,0,0,0,400
98,22,118,42,0,0,0,0,400
14,22,34,42,0,0,0,0,400
104,24,124,44,0,0,0,0,400
14,24,34,44,0,0,0,0,400
104,22,124,42,0,0,0,0,400
12,22,32,42,0,0,0,0,400
112,26,132,46,0,0,0,0,400
12,26,32,46,0,0,0,0,400
112,22,132,42,0,0,0,0,400
12,22,32,42,0,0,0,0,400
118,26,138,46,0,0,0,0,400
12,26,32,46,0,0,0,0,400
118,22,138,42,0,0,0,0,400
0,0,0,0,0,0,0,0,0
0,0,0,0,0,0,0,0,0
0,0,0,0,0,0,0,0,0
0,0,0,0,0,0,0,0,0
0,0,0,0,0,0,0,0,0
0,0,0,0,0,0,0,0,0
0,0,0,0,0,0,0,0,0
0,0,0,0,0,0,0,0,0
0,0,0,0,0,0,0,0,0
0,0,0,0,0,0,0,0,0
0,0,0,0,0,0,0,0,0
0,0,0,0,0,0,0,0,0
0,0,0,0,0,0,0,0,0
0,0,0,0,0,0,0,0,0
0,0,0,0,0,0,0,0,0
0,0,0,0,0,0,0,0,0
0,0,0,0,0,0,0,0,0
0,0,0,0,0,0,0,0,0
0,0,0,0,0,0,0,0,0
0,0,0,0,0,0,0,0,0
0,0,0,0,0,0,0,0,0
0,0,0,0,0,0,0,0,0
0,0,0,0,0,0,0,0,0
0,0,0,0,0,0,0,0,0

ÅyETC1Åz
112,52,140,66,50,0,0,0,392
4,2,32,16,50,0,0,0,392
112,2,140,16,50,0,0,0,392
4,52,32,66,50,0,0,0,392
126,52,148,66,50,0,0,0,308
2,2,24,16,50,0,0,0,308
126,2,148,16,50,0,0,0,308
2,52,24,66,50,0,0,0,308
102,44,118,60,80,0,0,0,256
6,8,22,24,80,0,0,0,256
6,8,22,24,80,0,0,0,256
102,44,118,60,80,0,0,0,256
94,30,102,48,140,0,0,0,144
28,18,36,36,140,0,0,0,144
28,18,36,36,140,0,0,0,144
94,30,102,48,140,0,0,0,144
102,24,110,48,120,0,0,0,192
34,16,42,40,120,0,0,0,192
34,16,42,40,120,0,0,0,192
102,24,110,48,120,0,0,0,192
100,34,108,52,120,0,0,0,144
34,20,42,38,120,0,0,0,144
34,20,42,38,120,0,0,0,144
100,34,108,52,120,0,0,0,144
0,0,0,0,0,0,0,0,0
0,0,0,0,0,0,0,0,0
0,0,0,0,0,0,0,0,0
0,0,0,0,0,0,0,0,0
52,48,58,58,100,0,0,0,60
66,10,72,20,100,0,0,0,60
66,10,72,20,100,0,0,0,60
52,48,58,58,100,0,0,0,60
54,28,60,42,130,0,0,0,84
70,24,76,38,130,0,0,0,84
70,24,76,38,130,0,0,0,84
54,28,60,42,130,0,0,0,84
60,14,72,34,130,0,0,0,240
64,32,76,52,130,0,0,0,240
64,32,76,52,130,0,0,0,240
60,14,72,34,130,0,0,0,240
44,32,56,44,100,0,0,0,144
88,22,100,34,100,0,0,0,144
88,22,100,34,100,0,0,0,144
44,32,56,44,100,0,0,0,144
44,10,54,16,170,0,0,0,60
94,52,104,58,170,0,0,0,60
94,52,104,58,170,0,0,0,60
44,10,54,16,170,0,0,0,60
84,12,110,38,54,0,0,0,676
40,30,66,56,54,0,0,0,676
40,30,66,56,54,0,0,0,676
84,12,110,38,54,0,0,0,676
0,0,0,0,0,0,0,0,0
0,0,0,0,0,0,0,0,0
0,0,0,0,0,0,0,0,0
0,0,0,0,0,0,0,0,0
0,0,0,0,0,0,0,0,0
0,0,0,0,0,0,0,0,0
0,0,0,0,0,0,0,0,0
0,0,0,0,0,0,0,0,0
0,0,0,0,0,0,0,0,0
0,0,0,0,0,0,0,0,0
0,0,0,0,0,0,0,0,0
0,0,0,0,0,0,0,0,0
0,0,0,0,0,0,0,0,0
0,0,0,0,0,0,0,0,0
0,0,0,0,0,0,0,0,0
0,0,0,0,0,0,0,0,0
0,0,0,0,0,0,0,0,0
0,0,0,0,0,0,0,0,0
0,0,0,0,0,0,0,0,0
0,0,0,0,0,0,0,0,0

ÅyETC2Åz
12,8,48,22,80,80,0,0,504
96,46,132,60,80,80,0,0,504
12,46,48,60,80,80,0,0,504
96,8,132,22,80,80,0,0,504
8,8,44,18,80,80,0,0,360
106,50,142,60,80,80,0,0,360
8,50,44,60,80,80,0,0,360
106,8,142,18,80,80,0,0,360
98,10,104,28,80,0,0,0,108
12,50,24,64,100,0,0,0,168
12,50,24,64,100,0,0,0,168
98,10,104,28,80,0,0,0,108
94,10,108,24,140,0,0,0,196
24,38,38,52,140,0,0,0,196
24,38,38,52,140,0,0,0,196
94,10,108,24,140,0,0,0,196
104,12,122,24,120,0,0,0,216
24,46,42,58,120,0,0,0,216
24,46,42,58,120,0,0,0,216
104,12,122,24,120,0,0,0,216
102,8,118,24,120,0,0,0,256
20,46,36,62,120,0,0,0,256
20,46,36,62,120,0,0,0,256
102,8,118,24,120,0,0,0,256
0,0,0,0,0,0,0,0,0
0,0,0,0,0,0,0,0,0
0,0,0,0,0,0,0,0,0
0,0,0,0,0,0,0,0,0
42,34,54,44,100,0,0,0,120
70,24,82,34,100,0,0,0,120
70,24,82,34,100,0,0,0,120
42,34,54,44,100,0,0,0,120
58,20,80,24,130,0,0,0,88
50,38,72,42,130,0,0,0,88
50,38,72,42,130,0,0,0,88
58,20,80,24,130,0,0,0,88
24,44,36,56,150,0,0,0,144
100,10,112,22,150,0,0,0,144
100,10,112,22,150,0,0,0,144
24,44,36,56,150,0,0,0,144
28,32,40,44,100,0,0,0,144
100,20,112,32,100,0,0,0,144
100,20,112,32,100,0,0,0,144
28,32,40,44,100,0,0,0,144
56,44,68,58,170,0,0,0,168
84,10,96,24,170,0,0,0,168
84,10,96,24,170,0,0,0,168
56,44,68,58,170,0,0,0,168
0,0,0,0,0,0,0,0,0
0,0,0,0,0,0,0,0,0
0,0,0,0,0,0,0,0,0
0,0,0,0,0,0,0,0,0
0,0,0,0,0,0,0,0,0
0,0,0,0,0,0,0,0,0
0,0,0,0,0,0,0,0,0
0,0,0,0,0,0,0,0,0
0,0,0,0,0,0,0,0,0
0,0,0,0,0,0,0,0,0
0,0,0,0,0,0,0,0,0
0,0,0,0,0,0,0,0,0
0,0,0,0,0,0,0,0,0
0,0,0,0,0,0,0,0,0
0,0,0,0,0,0,0,0,0
0,0,0,0,0,0,0,0,0
0,0,0,0,0,0,0,0,0
0,0,0,0,0,0,0,0,0
0,0,0,0,0,0,0,0,0
0,0,0,0,0,0,0,0,0
0,0,0,0,0,0,0,0,0
0,0,0,0,0,0,0,0,0
0,0,0,0,0,0,0,0,0
0,0,0,0,0,0,0,0,0

ÅyETC3Åz
56,2,78,16,80,0,0,0,308
66,56,88,66,80,0,0,0,220
64,54,78,66,80,0,0,0,168
66,2,88,14,80,0,0,0,264
0,0,0,0,0,0,0,0,0
0,0,0,0,0,0,0,0,0
0,0,0,0,0,0,0,0,0
0,0,0,0,0,0,0,0,0
0,0,0,0,0,0,0,0,0
0,0,0,0,0,0,0,0,0
0,0,0,0,0,0,0,0,0
0,0,0,0,0,0,0,0,0
0,0,0,0,0,0,0,0,0
0,0,0,0,0,0,0,0,0
0,0,0,0,0,0,0,0,0
0,0,0,0,0,0,0,0,0
0,0,0,0,0,0,0,0,0
0,0,0,0,0,0,0,0,0
0,0,0,0,0,0,0,0,0
0,0,0,0,0,0,0,0,0
0,0,0,0,0,0,0,0,0
0,0,0,0,0,0,0,0,0
0,0,0,0,0,0,0,0,0
0,0,0,0,0,0,0,0,0
0,0,0,0,0,0,0,0,0
0,0,0,0,0,0,0,0,0
0,0,0,0,0,0,0,0,0
0,0,0,0,0,0,0,0,0
0,0,0,0,0,0,0,0,0
0,0,0,0,0,0,0,0,0
0,0,0,0,0,0,0,0,0
0,0,0,0,0,0,0,0,0
0,0,0,0,0,0,0,0,0
0,0,0,0,0,0,0,0,0
0,0,0,0,0,0,0,0,0
0,0,0,0,0,0,0,0,0
0,0,0,0,0,0,0,0,0
0,0,0,0,0,0,0,0,0
0,0,0,0,0,0,0,0,0
0,0,0,0,0,0,0,0,0
0,0,0,0,0,0,0,0,0
0,0,0,0,0,0,0,0,0
0,0,0,0,0,0,0,0,0
0,0,0,0,0,0,0,0,0
0,0,0,0,0,0,0,0,0
0,0,0,0,0,0,0,0,0
0,0,0,0,0,0,0,0,0
0,0,0,0,0,0,0,0,0
0,0,0,0,0,0,0,0,0
0,0,0,0,0,0,0,0,0
0,0,0,0,0,0,0,0,0
0,0,0,0,0,0,0,0,0
0,0,0,0,0,0,0,0,0
0,0,0,0,0,0,0,0,0
0,0,0,0,0,0,0,0,0
0,0,0,0,0,0,0,0,0
0,0,0,0,0,0,0,0,0
0,0,0,0,0,0,0,0,0
0,0,0,0,0,0,0,0,0
0,0,0,0,0,0,0,0,0
0,0,0,0,0,0,0,0,0
0,0,0,0,0,0,0,0,0
0,0,0,0,0,0,0,0,0
0,0,0,0,0,0,0,0,0
0,0,0,0,0,0,0,0,0
0,0,0,0,0,0,0,0,0
0,0,0,0,0,0,0,0,0
0,0,0,0,0,0,0,0,0
0,0,0,0,0,0,0,0,0
0,0,0,0,0,0,0,0,0
0,0,0,0,0,0,0,0,0
0,0,0,0,0,0,0,0,0

ÅyETC4Åz
36,20,66,40,75,0,0,0,600
78,28,104,44,75,0,0,0,416
36,28,66,48,75,0,0,0,600
78,20,104,40,75,0,0,0,520
0,0,0,0,0,0,0,0,0
0,0,0,0,0,0,0,0,0
0,0,0,0,0,0,0,0,0
0,0,0,0,0,0,0,0,0
0,0,0,0,0,0,0,0,0
0,0,0,0,0,0,0,0,0
0,0,0,0,0,0,0,0,0
0,0,0,0,0,0,0,0,0
0,0,0,0,0,0,0,0,0
0,0,0,0,0,0,0,0,0
0,0,0,0,0,0,0,0,0
0,0,0,0,0,0,0,0,0
0,0,0,0,0,0,0,0,0
0,0,0,0,0,0,0,0,0
0,0,0,0,0,0,0,0,0
0,0,0,0,0,0,0,0,0
0,0,0,0,0,0,0,0,0
0,0,0,0,0,0,0,0,0
0,0,0,0,0,0,0,0,0
0,0,0,0,0,0,0,0,0
0,0,0,0,0,0,0,0,0
0,0,0,0,0,0,0,0,0
0,0,0,0,0,0,0,0,0
0,0,0,0,0,0,0,0,0
68,32,86,44,30,0,0,0,216
38,22,56,34,30,0,0,0,216
68,22,86,34,30,0,0,0,216
38,32,56,44,30,0,0,0,216
0,0,0,0,0,0,0,0,0
0,0,0,0,0,0,0,0,0
0,0,0,0,0,0,0,0,0
0,0,0,0,0,0,0,0,0
108,40,134,62,50,0,0,0,572
4,6,30,28,50,0,0,0,572
108,6,134,28,50,0,0,0,572
4,40,30,62,50,0,0,0,572
110,42,138,62,50,0,0,0,560
6,6,34,26,50,0,0,0,560
110,6,138,26,50,0,0,0,560
6,42,34,62,50,0,0,0,560
0,0,0,0,0,0,0,0,0
0,0,0,0,0,0,0,0,0
0,0,0,0,0,0,0,0,0
0,0,0,0,0,0,0,0,0
0,0,0,0,0,0,0,0,0
0,0,0,0,0,0,0,0,0
0,0,0,0,0,0,0,0,0
0,0,0,0,0,0,0,0,0
0,0,0,0,0,0,0,0,0
0,0,0,0,0,0,0,0,0
0,0,0,0,0,0,0,0,0
0,0,0,0,0,0,0,0,0
0,0,0,0,0,0,0,0,0
0,0,0,0,0,0,0,0,0
0,0,0,0,0,0,0,0,0
0,0,0,0,0,0,0,0,0
0,0,0,0,0,0,0,0,0
0,0,0,0,0,0,0,0,0
0,0,0,0,0,0,0,0,0
0,0,0,0,0,0,0,0,0
0,0,0,0,0,0,0,0,0
0,0,0,0,0,0,0,0,0
0,0,0,0,0,0,0,0,0
0,0,0,0,0,0,0,0,0
0,0,0,0,0,0,0,0,0
0,0,0,0,0,0,0,0,0
0,0,0,0,0,0,0,0,0
0,0,0,0,0,0,0,0,0

ÅyETC5Åz
112,52,140,66,90,0,0,0,392
4,2,32,16,90,0,0,0,392
112,2,140,16,90,0,0,0,392
4,52,32,66,90,0,0,0,392
124,52,148,66,110,0,0,0,336
2,2,26,16,110,0,0,0,336
124,2,148,16,110,0,0,0,336
2,52,26,66,110,0,0,0,336
0,0,0,0,0,0,0,0,0
0,0,0,0,0,0,0,0,0
0,0,0,0,0,0,0,0,0
0,0,0,0,0,0,0,0,0
0,0,0,0,0,0,0,0,0
0,0,0,0,0,0,0,0,0
0,0,0,0,0,0,0,0,0
0,0,0,0,0,0,0,0,0
0,0,0,0,0,0,0,0,0
0,0,0,0,0,0,0,0,0
0,0,0,0,0,0,0,0,0
0,0,0,0,0,0,0,0,0
0,0,0,0,0,0,0,0,0
0,0,0,0,0,0,0,0,0
0,0,0,0,0,0,0,0,0
0,0,0,0,0,0,0,0,0
0,0,0,0,0,0,0,0,0
0,0,0,0,0,0,0,0,0
0,0,0,0,0,0,0,0,0
0,0,0,0,0,0,0,0,0
0,0,0,0,0,0,0,0,0
0,0,0,0,0,0,0,0,0
0,0,0,0,0,0,0,0,0
0,0,0,0,0,0,0,0,0
0,0,0,0,0,0,0,0,0
0,0,0,0,0,0,0,0,0
0,0,0,0,0,0,0,0,0
0,0,0,0,0,0,0,0,0
0,0,0,0,0,0,0,0,0
0,0,0,0,0,0,0,0,0
0,0,0,0,0,0,0,0,0
0,0,0,0,0,0,0,0,0
0,0,0,0,0,0,0,0,0
0,0,0,0,0,0,0,0,0
0,0,0,0,0,0,0,0,0
0,0,0,0,0,0,0,0,0
0,0,0,0,0,0,0,0,0
0,0,0,0,0,0,0,0,0
0,0,0,0,0,0,0,0,0
0,0,0,0,0,0,0,0,0
0,0,0,0,0,0,0,0,0
0,0,0,0,0,0,0,0,0
0,0,0,0,0,0,0,0,0
0,0,0,0,0,0,0,0,0
0,0,0,0,0,0,0,0,0
0,0,0,0,0,0,0,0,0
0,0,0,0,0,0,0,0,0
0,0,0,0,0,0,0,0,0
0,0,0,0,0,0,0,0,0
0,0,0,0,0,0,0,0,0
0,0,0,0,0,0,0,0,0
0,0,0,0,0,0,0,0,0
0,0,0,0,0,0,0,0,0
0,0,0,0,0,0,0,0,0
0,0,0,0,0,0,0,0,0
0,0,0,0,0,0,0,0,0
0,0,0,0,0,0,0,0,0
0,0,0,0,0,0,0,0,0
0,0,0,0,0,0,0,0,0
0,0,0,0,0,0,0,0,0
0,0,0,0,0,0,0,0,0
0,0,0,0,0,0,0,0,0
0,0,0,0,0,0,0,0,0
0,0,0,0,0,0,0,0,0

ÅyETC6Åz
4,44,18,64,60,0,0,0,280
128,6,142,26,60,0,0,0,280
4,6,18,26,60,0,0,0,280
128,44,142,64,60,0,0,0,280
100,26,140,46,90,0,0,0,800
10,22,50,42,90,0,0,0,800
100,22,140,42,90,0,0,0,800
10,26,50,46,90,0,0,0,800
0,0,0,0,0,0,0,0,0
0,0,0,0,0,0,0,0,0
0,0,0,0,0,0,0,0,0
0,0,0,0,0,0,0,0,0
2,2,16,30,90,0,0,0,392
2,2,8,22,90,0,0,0,120
2,2,12,22,90,0,0,0,200
2,2,12,26,90,0,0,0,240
0,0,0,0,0,0,0,0,0
0,0,0,0,0,0,0,0,0
0,0,0,0,0,0,0,0,0
0,0,0,0,0,0,0,0,0
0,0,0,0,0,0,0,0,0
0,0,0,0,0,0,0,0,0
0,0,0,0,0,0,0,0,0
0,0,0,0,0,0,0,0,0
0,0,0,0,0,0,0,0,0
0,0,0,0,0,0,0,0,0
0,0,0,0,0,0,0,0,0
0,0,0,0,0,0,0,0,0
64,14,82,30,10,0,0,0,288
44,38,62,54,10,0,0,0,288
64,38,82,54,10,0,0,0,288
44,14,62,30,10,0,0,0,288
72,12,90,28,38,0,0,0,288
42,40,60,56,30,0,0,0,288
72,40,90,56,30,0,0,0,288
42,12,60,28,30,0,0,0,288
78,8,94,20,30,0,0,0,192
44,48,60,60,30,0,0,0,192
78,48,94,60,30,0,0,0,192
44,8,60,20,30,0,0,0,192
78,8,94,20,30,0,0,0,192
50,46,66,58,30,0,0,0,192
78,46,94,58,30,0,0,0,192
50,8,66,20,30,0,0,0,192
0,0,0,0,0,0,0,0,0
0,0,0,0,0,0,0,0,0
0,0,0,0,0,0,0,0,0
0,0,0,0,0,0,0,0,0
0,0,0,0,0,0,0,0,0
0,0,0,0,0,0,0,0,0
0,0,0,0,0,0,0,0,0
0,0,0,0,0,0,0,0,0
0,0,0,0,0,0,0,0,0
0,0,0,0,0,0,0,0,0
0,0,0,0,0,0,0,0,0
0,0,0,0,0,0,0,0,0
0,0,0,0,0,0,0,0,0
0,0,0,0,0,0,0,0,0
0,0,0,0,0,0,0,0,0
0,0,0,0,0,0,0,0,0
0,0,0,0,0,0,0,0,0
0,0,0,0,0,0,0,0,0
0,0,0,0,0,0,0,0,0
0,0,0,0,0,0,0,0,0
0,0,0,0,0,0,0,0,0
0,0,0,0,0,0,0,0,0
0,0,0,0,0,0,0,0,0
0,0,0,0,0,0,0,0,0
0,0,0,0,0,0,0,0,0
0,0,0,0,0,0,0,0,0
0,0,0,0,0,0,0,0,0
0,0,0,0,0,0,0,0,0

ÅyETC7Åz
38,36,74,60,64,0,0,0,864
70,8,106,32,64,0,0,0,864
70,8,106,32,64,0,0,0,864
38,36,74,60,64,0,0,0,864
90,56,140,68,60,0,0,0,600
10,0,60,12,60,0,0,0,600
10,0,60,12,60,0,0,0,600
90,56,140,68,60,0,0,0,600
0,0,0,0,0,0,0,0,0
0,0,0,0,0,0,0,0,0
0,0,0,0,0,0,0,0,0
0,0,0,0,0,0,0,0,0
2,40,12,66,90,0,0,0,260
2,46,12,66,90,0,0,0,200
2,44,12,66,90,0,0,0,220
2,42,12,66,90,0,0,0,240
0,0,0,0,0,0,0,0,0
0,0,0,0,0,0,0,0,0
0,0,0,0,0,0,0,0,0
0,0,0,0,0,0,0,0,0
118,14,132,30,2,0,0,0,224
14,36,24,56,2,0,0,0,200
118,36,130,56,6,0,0,0,240
14,16,28,34,2,0,0,0,252
0,0,0,0,0,0,0,0,0
0,0,0,0,0,0,0,0,0
0,0,0,0,0,0,0,0,0
0,0,0,0,0,0,0,0,0
100,42,118,60,12,0,0,0,324
6,6,24,24,12,0,0,0,324
100,6,118,24,12,0,0,0,324
6,42,24,60,12,0,0,0,324
74,8,90,20,30,0,0,0,192
42,46,58,58,30,0,0,0,192
74,46,90,58,30,0,0,0,192
42,8,58,20,30,0,0,0,192
78,12,96,28,40,0,0,0,288
42,38,60,54,40,0,0,0,288
78,38,96,54,40,0,0,0,288
42,12,62,28,40,0,0,0,320
110,30,134,42,38,0,0,0,288
6,24,30,36,38,0,0,0,288
110,24,134,36,38,0,0,0,288
6,30,30,42,38,0,0,0,288
0,0,0,0,0,0,0,0,0
0,0,0,0,0,0,0,0,0
0,0,0,0,0,0,0,0,0
0,0,0,0,0,0,0,0,0
0,0,0,0,0,0,0,0,0
0,0,0,0,0,0,0,0,0
0,0,0,0,0,0,0,0,0
0,0,0,0,0,0,0,0,0
0,0,0,0,0,0,0,0,0
0,0,0,0,0,0,0,0,0
0,0,0,0,0,0,0,0,0
0,0,0,0,0,0,0,0,0
0,0,0,0,0,0,0,0,0
0,0,0,0,0,0,0,0,0
0,0,0,0,0,0,0,0,0
0,0,0,0,0,0,0,0,0
0,0,0,0,0,0,0,0,0
0,0,0,0,0,0,0,0,0
0,0,0,0,0,0,0,0,0
0,0,0,0,0,0,0,0,0
0,0,0,0,0,0,0,0,0
0,0,0,0,0,0,0,0,0
0,0,0,0,0,0,0,0,0
0,0,0,0,0,0,0,0,0
0,0,0,0,0,0,0,0,0
0,0,0,0,0,0,0,0,0
0,0,0,0,0,0,0,0,0
0,0,0,0,0,0,0,0,0

ÅyETC8Åz
2,16,34,50,85,0,0,0,1088
108,16,140,50,85,0,0,0,1088
108,16,140,50,85,0,0,0,1088
2,18,34,50,85,0,0,0,1024
4,14,34,50,85,0,0,0,1080
110,18,144,52,85,0,0,0,1156
110,18,144,52,85,0,0,0,1156
4,14,34,50,85,0,0,0,1080
0,0,0,0,0,0,0,0,0
0,0,0,0,0,0,0,0,0
0,0,0,0,0,0,0,0,0
0,0,0,0,0,0,0,0,0
110,42,134,66,95,0,0,0,576
110,54,132,66,90,0,0,0,264
110,48,132,66,90,0,0,0,396
110,46,134,66,90,0,0,0,480
0,0,0,0,0,0,0,0,0
0,0,0,0,0,0,0,0,0
0,0,0,0,0,0,0,0,0
0,0,0,0,0,0,0,0,0
42,12,64,40,18,0,0,0,616
84,28,102,56,18,0,0,0,504
42,28,60,56,18,0,0,0,504
84,12,102,38,18,0,0,0,468
0,0,0,0,0,0,0,0,0
0,0,0,0,0,0,0,0,0
0,0,0,0,0,0,0,0,0
0,0,0,0,0,0,0,0,0
0,0,0,0,0,0,0,0,0
0,0,0,0,0,0,0,0,0
0,0,0,0,0,0,0,0,0
0,0,0,0,0,0,0,0,0
102,42,124,60,55,0,0,0,396
4,6,26,26,55,0,0,0,440
100,6,122,26,55,0,0,0,440
4,42,26,62,55,0,0,0,440
110,30,134,42,38,0,0,0,288
6,24,30,36,38,0,0,0,288
110,24,134,36,38,0,0,0,288
6,30,30,42,38,0,0,0,288
0,0,0,0,0,0,0,0,0
0,0,0,0,0,0,0,0,0
0,0,0,0,0,0,0,0,0
0,0,0,0,0,0,0,0,0
0,0,0,0,0,0,0,0,0
0,0,0,0,0,0,0,0,0
0,0,0,0,0,0,0,0,0
0,0,0,0,0,0,0,0,0
0,0,0,0,0,0,0,0,0
0,0,0,0,0,0,0,0,0
0,0,0,0,0,0,0,0,0
0,0,0,0,0,0,0,0,0
0,0,0,0,0,0,0,0,0
0,0,0,0,0,0,0,0,0
0,0,0,0,0,0,0,0,0
0,0,0,0,0,0,0,0,0
0,0,0,0,0,0,0,0,0
0,0,0,0,0,0,0,0,0
0,0,0,0,0,0,0,0,0
0,0,0,0,0,0,0,0,0
0,0,0,0,0,0,0,0,0
0,0,0,0,0,0,0,0,0
0,0,0,0,0,0,0,0,0
0,0,0,0,0,0,0,0,0
0,0,0,0,0,0,0,0,0
0,0,0,0,0,0,0,0,0
0,0,0,0,0,0,0,0,0
0,0,0,0,0,0,0,0,0
0,0,0,0,0,0,0,0,0
0,0,0,0,0,0,0,0,0
0,0,0,0,0,0,0,0,0
0,0,0,0,0,0,0,0,0

ÅyETC9Åz
56,2,76,34,10,0,0,0,640
70,32,84,64,10,0,0,0,448
56,34,76,66,10,0,0,0,640
70,2,84,34,10,0,0,0,448
0,0,0,0,0,0,0,0,0
0,0,0,0,0,0,0,0,0
0,0,0,0,0,0,0,0,0
0,0,0,0,0,0,0,0,0
0,0,0,0,0,0,0,0,0
0,0,0,0,0,0,0,0,0
0,0,0,0,0,0,0,0,0
0,0,0,0,0,0,0,0,0
120,2,134,22,90,0,0,0,280
118,2,132,24,90,0,0,0,308
120,2,132,24,90,0,0,0,264
118,2,134,22,90,0,0,0,320
0,0,0,0,0,0,0,0,0
0,0,0,0,0,0,0,0,0
0,0,0,0,0,0,0,0,0
0,0,0,0,0,0,0,0,0
110,12,142,44,86,0,0,0,1024
8,24,40,56,86,0,0,0,1024
110,24,142,56,86,0,0,0,1024
8,12,40,44,88,0,0,0,1024
110,12,142,44,86,0,0,0,1024
8,24,40,56,86,0,0,0,1024
110,24,142,56,86,0,0,0,1024
8,12,40,44,88,0,0,0,1024
0,0,0,0,0,0,0,0,0
0,0,0,0,0,0,0,0,0
0,0,0,0,0,0,0,0,0
0,0,0,0,0,0,0,0,0
0,0,0,0,0,0,0,0,0
0,0,0,0,0,0,0,0,0
0,0,0,0,0,0,0,0,0
0,0,0,0,0,0,0,0,0
0,0,0,0,0,0,0,0,0
0,0,0,0,0,0,0,0,0
0,0,0,0,0,0,0,0,0
0,0,0,0,0,0,0,0,0
0,0,0,0,0,0,0,0,0
0,0,0,0,0,0,0,0,0
0,0,0,0,0,0,0,0,0
0,0,0,0,0,0,0,0,0
0,0,0,0,0,0,0,0,0
0,0,0,0,0,0,0,0,0
0,0,0,0,0,0,0,0,0
0,0,0,0,0,0,0,0,0
0,0,0,0,0,0,0,0,0
0,0,0,0,0,0,0,0,0
0,0,0,0,0,0,0,0,0
0,0,0,0,0,0,0,0,0
0,0,0,0,0,0,0,0,0
0,0,0,0,0,0,0,0,0
0,0,0,0,0,0,0,0,0
0,0,0,0,0,0,0,0,0
0,0,0,0,0,0,0,0,0
0,0,0,0,0,0,0,0,0
0,0,0,0,0,0,0,0,0
0,0,0,0,0,0,0,0,0
0,0,0,0,0,0,0,0,0
0,0,0,0,0,0,0,0,0
0,0,0,0,0,0,0,0,0
0,0,0,0,0,0,0,0,0
0,0,0,0,0,0,0,0,0
0,0,0,0,0,0,0,0,0
0,0,0,0,0,0,0,0,0
0,0,0,0,0,0,0,0,0
0,0,0,0,0,0,0,0,0
0,0,0,0,0,0,0,0,0
0,0,0,0,0,0,0,0,0
0,0,0,0,0,0,0,0,0

ÅyETC10Åz
108,10,142,42,70,0,0,0,1088
8,26,42,58,70,0,0,0,1088
108,28,140,58,75,0,0,0,960
8,10,42,42,75,0,0,0,1088
108,10,142,52,75,0,0,0,1428
8,16,42,58,75,0,0,0,1428
108,16,142,58,75,0,0,0,1428
8,10,42,52,75,0,0,0,1428
100,12,132,52,75,0,0,0,1280
6,16,38,56,75,0,0,0,1280
100,16,132,50,80,0,0,0,1088
6,12,38,52,80,0,0,0,1280
102,42,124,60,55,0,0,0,396
6,8,28,26,55,0,0,0,396
110,8,132,26,55,0,0,0,396
4,42,26,60,60,0,0,0,396
100,42,122,62,55,0,0,0,440
4,6,26,26,55,0,0,0,440
100,6,122,26,55,0,0,0,440
4,42,26,62,55,0,0,0,440
98,12,126,62,80,0,0,0,1400
6,6,34,56,80,0,0,0,1400
98,6,126,56,80,0,0,0,1400
6,12,34,62,80,0,0,0,1400
106,12,138,52,80,0,0,0,1280
6,16,38,56,80,0,0,0,1280
106,16,138,56,80,0,0,0,1280
6,12,38,52,80,0,0,0,1280
110,10,136,48,80,0,0,0,988
8,30,34,58,80,0,0,0,728
110,28,136,58,80,0,0,0,780
8,10,34,38,80,0,0,0,728
98,12,106,44,20,0,0,0,256
64,36,88,54,20,0,0,0,432
98,24,106,56,20,0,0,0,256
56,6,76,26,20,0,0,0,400
82,12,96,42,20,0,0,0,420
32,38,60,54,20,0,0,0,448
82,26,96,56,20,0,0,0,420
32,6,56,26,20,0,0,0,480
100,12,126,40,3,0,0,0,728
8,26,30,54,2,0,0,0,616
104,24,132,52,3,0,0,0,784
14,14,30,38,2,0,0,0,384
22,44,42,64,3,0,0,0,400
92,4,110,24,3,0,0,0,360
26,4,44,24,3,0,0,0,360
90,42,110,66,3,0,0,0,480
110,44,136,62,70,0,0,0,468
2,6,30,24,70,0,0,0,504
108,6,136,24,70,0,0,0,504
2,44,30,62,70,0,0,0,504
110,10,124,38,7,0,0,0,392
12,30,30,58,3,0,0,0,504
110,30,128,58,3,0,0,0,504
14,10,32,38,3,0,0,0,504
106,10,142,52,80,0,0,0,1512
8,8,40,54,85,0,0,0,1472
106,16,142,58,80,0,0,0,1512
8,12,40,60,85,0,0,0,1536
112,8,142,34,5,0,0,0,780
10,36,28,56,3,0,0,0,360
112,34,142,60,5,0,0,0,780
10,14,30,34,3,0,0,0,400
104,4,130,44,115,0,0,0,1040
8,24,34,64,115,0,0,0,1040
104,24,130,64,115,0,0,0,1040
8,4,34,44,115,0,0,0,1040
118,52,134,66,115,0,0,0,224
4,2,20,16,115,0,0,0,224
118,2,134,16,115,0,0,0,224
4,52,20,66,115,0,0,0,224
114,52,138,66,55,0,0,0,336
6,2,30,16,55,0,0,0,336
114,2,138,16,55,0,0,0,336
6,52,30,66,55,0,0,0,336
114,2,138,16,55,0,0,0,336
6,52,30,66,55,0,0,0,336
114,52,138,66,55,0,0,0,336
6,2,30,16,55,0,0,0,336

ÅyETC11Åz
110,14,130,40,86,0,0,0,520
10,26,34,54,82,0,0,0,672
106,26,130,54,86,0,0,0,672
8,14,32,52,84,0,0,0,912
104,12,126,42,80,0,0,0,660
10,26,32,54,80,0,0,0,616
104,26,122,54,80,0,0,0,504
12,12,32,42,84,0,0,0,600
66,26,84,44,26,0,0,0,324
60,22,74,40,26,0,0,0,252
66,22,82,40,26,0,0,0,288
60,26,74,44,26,0,0,0,252
116,14,132,30,2,0,0,0,256
10,38,28,54,2,0,0,0,288
116,34,132,52,6,0,0,0,288
8,14,28,32,2,0,0,0,360
22,6,48,22,95,0,0,0,416
96,44,120,60,95,0,0,0,384
22,44,48,60,95,0,0,0,416
96,6,120,22,95,0,0,0,384
2,42,18,56,66,0,0,0,224
126,12,142,28,66,0,0,0,256
2,12,18,28,66,0,0,0,256
126,42,142,56,66,0,0,0,224
2,38,24,56,90,0,0,0,396
116,10,144,28,90,0,0,0,504
2,10,24,32,90,0,0,0,484
116,38,144,56,90,0,0,0,504
8,24,34,36,90,0,0,0,312
108,30,134,40,90,0,0,0,260
8,30,34,40,90,0,0,0,260
108,24,134,36,90,0,0,0,312
0,0,0,0,0,0,0,0,0
0,0,0,0,0,0,0,0,0
0,0,0,0,0,0,0,0,0
0,0,0,0,0,0,0,0,0
0,0,0,0,0,0,0,0,0
0,0,0,0,0,0,0,0,0
0,0,0,0,0,0,0,0,0
0,0,0,0,0,0,0,0,0
0,0,0,0,0,0,0,0,0
0,0,0,0,0,0,0,0,0
0,0,0,0,0,0,0,0,0
0,0,0,0,0,0,0,0,0
0,0,0,0,0,0,0,0,0
0,0,0,0,0,0,0,0,0
0,0,0,0,0,0,0,0,0
0,0,0,0,0,0,0,0,0
0,0,0,0,0,0,0,0,0
0,0,0,0,0,0,0,0,0
0,0,0,0,0,0,0,0,0
0,0,0,0,0,0,0,0,0
0,0,0,0,0,0,0,0,0
0,0,0,0,0,0,0,0,0
0,0,0,0,0,0,0,0,0
0,0,0,0,0,0,0,0,0
0,0,0,0,0,0,0,0,0
0,0,0,0,0,0,0,0,0
0,0,0,0,0,0,0,0,0
0,0,0,0,0,0,0,0,0
0,0,0,0,0,0,0,0,0
0,0,0,0,0,0,0,0,0
0,0,0,0,0,0,0,0,0
0,0,0,0,0,0,0,0,0
0,0,0,0,0,0,0,0,0
0,0,0,0,0,0,0,0,0
0,0,0,0,0,0,0,0,0
0,0,0,0,0,0,0,0,0
0,0,0,0,0,0,0,0,0
0,0,0,0,0,0,0,0,0
0,0,0,0,0,0,0,0,0
0,0,0,0,0,0,0,0,0

ÅyETC12Åz
0,0,0,0,0,0,0,0,0
0,0,0,0,0,0,0,0,0
0,0,0,0,0,0,0,0,0
0,0,0,0,0,0,0,0,0
0,0,0,0,0,0,0,0,0
0,0,0,0,0,0,0,0,0
0,0,0,0,0,0,0,0,0
0,0,0,0,0,0,0,0,0
0,0,0,0,0,0,0,0,0
0,0,0,0,0,0,0,0,0
0,0,0,0,0,0,0,0,0
0,0,0,0,0,0,0,0,0
0,0,0,0,0,0,0,0,0
0,0,0,0,0,0,0,0,0
0,0,0,0,0,0,0,0,0
0,0,0,0,0,0,0,0,0
0,0,0,0,0,0,0,0,0
0,0,0,0,0,0,0,0,0
0,0,0,0,0,0,0,0,0
0,0,0,0,0,0,0,0,0
0,0,0,0,0,0,0,0,0
0,0,0,0,0,0,0,0,0
0,0,0,0,0,0,0,0,0
0,0,0,0,0,0,0,0,0
112,14,136,44,90,0,0,0,720
12,24,36,54,90,0,0,0,720
112,24,136,54,90,0,0,0,720
12,14,36,44,90,0,0,0,720
0,0,0,0,0,0,0,0,0
0,0,0,0,0,0,0,0,0
0,0,0,0,0,0,0,0,0
0,0,0,0,0,0,0,0,0
0,0,0,0,0,0,0,0,0
0,0,0,0,0,0,0,0,0
0,0,0,0,0,0,0,0,0
0,0,0,0,0,0,0,0,0
0,0,0,0,0,0,0,0,0
0,0,0,0,0,0,0,0,0
0,0,0,0,0,0,0,0,0
0,0,0,0,0,0,0,0,0
0,0,0,0,0,0,0,0,0
0,0,0,0,0,0,0,0,0
0,0,0,0,0,0,0,0,0
0,0,0,0,0,0,0,0,0
0,0,0,0,0,0,0,0,0
0,0,0,0,0,0,0,0,0
0,0,0,0,0,0,0,0,0
0,0,0,0,0,0,0,0,0
0,0,0,0,0,0,0,0,0
0,0,0,0,0,0,0,0,0
0,0,0,0,0,0,0,0,0
0,0,0,0,0,0,0,0,0
0,0,0,0,0,0,0,0,0
0,0,0,0,0,0,0,0,0
0,0,0,0,0,0,0,0,0
0,0,0,0,0,0,0,0,0
0,0,0,0,0,0,0,0,0
0,0,0,0,0,0,0,0,0
0,0,0,0,0,0,0,0,0
0,0,0,0,0,0,0,0,0
0,0,0,0,0,0,0,0,0
0,0,0,0,0,0,0,0,0
0,0,0,0,0,0,0,0,0
0,0,0,0,0,0,0,0,0
0,0,0,0,0,0,0,0,0
0,0,0,0,0,0,0,0,0
0,0,0,0,0,0,0,0,0
0,0,0,0,0,0,0,0,0
0,0,0,0,0,0,0,0,0
0,0,0,0,0,0,0,0,0
0,0,0,0,0,0,0,0,0
0,0,0,0,0,0,0,0,0

ÅyETC13Åz
0,0,0,0,0,0,0,0,0
0,0,0,0,0,0,0,0,0
0,0,0,0,0,0,0,0,0
0,0,0,0,0,0,0,0,0
0,0,0,0,0,0,0,0,0
0,0,0,0,0,0,0,0,0
0,0,0,0,0,0,0,0,0
0,0,0,0,0,0,0,0,0
0,0,0,0,0,0,0,0,0
0,0,0,0,0,0,0,0,0
0,0,0,0,0,0,0,0,0
0,0,0,0,0,0,0,0,0
0,0,0,0,0,0,0,0,0
0,0,0,0,0,0,0,0,0
0,0,0,0,0,0,0,0,0
0,0,0,0,0,0,0,0,0
0,0,0,0,0,0,0,0,0
0,0,0,0,0,0,0,0,0
0,0,0,0,0,0,0,0,0
0,0,0,0,0,0,0,0,0
0,0,0,0,0,0,0,0,0
0,0,0,0,0,0,0,0,0
0,0,0,0,0,0,0,0,0
0,0,0,0,0,0,0,0,0
118,44,140,56,34,0,0,0,264
8,8,30,20,34,0,0,0,264
120,10,142,22,34,0,0,0,264
8,44,30,56,34,0,0,0,264
0,0,0,0,0,0,0,0,0
0,0,0,0,0,0,0,0,0
0,0,0,0,0,0,0,0,0
0,0,0,0,0,0,0,0,0
0,0,0,0,0,0,0,0,0
0,0,0,0,0,0,0,0,0
0,0,0,0,0,0,0,0,0
0,0,0,0,0,0,0,0,0
0,0,0,0,0,0,0,0,0
0,0,0,0,0,0,0,0,0
0,0,0,0,0,0,0,0,0
0,0,0,0,0,0,0,0,0
0,0,0,0,0,0,0,0,0
0,0,0,0,0,0,0,0,0
0,0,0,0,0,0,0,0,0
0,0,0,0,0,0,0,0,0
0,0,0,0,0,0,0,0,0
0,0,0,0,0,0,0,0,0
0,0,0,0,0,0,0,0,0
0,0,0,0,0,0,0,0,0
0,0,0,0,0,0,0,0,0
0,0,0,0,0,0,0,0,0
0,0,0,0,0,0,0,0,0
0,0,0,0,0,0,0,0,0
0,0,0,0,0,0,0,0,0
0,0,0,0,0,0,0,0,0
0,0,0,0,0,0,0,0,0
0,0,0,0,0,0,0,0,0
0,0,0,0,0,0,0,0,0
0,0,0,0,0,0,0,0,0
0,0,0,0,0,0,0,0,0
0,0,0,0,0,0,0,0,0
0,0,0,0,0,0,0,0,0
0,0,0,0,0,0,0,0,0
0,0,0,0,0,0,0,0,0
0,0,0,0,0,0,0,0,0
0,0,0,0,0,0,0,0,0
0,0,0,0,0,0,0,0,0
0,0,0,0,0,0,0,0,0
0,0,0,0,0,0,0,0,0
0,0,0,0,0,0,0,0,0
0,0,0,0,0,0,0,0,0
0,0,0,0,0,0,0,0,0
0,0,0,0,0,0,0,0,0

ÅyETC14Åz
0,0,0,0,0,0,0,0,0
0,0,0,0,0,0,0,0,0
0,0,0,0,0,0,0,0,0
0,0,0,0,0,0,0,0,0
0,0,0,0,0,0,0,0,0
0,0,0,0,0,0,0,0,0
0,0,0,0,0,0,0,0,0
0,0,0,0,0,0,0,0,0
0,0,0,0,0,0,0,0,0
0,0,0,0,0,0,0,0,0
0,0,0,0,0,0,0,0,0
0,0,0,0,0,0,0,0,0
0,0,0,0,0,0,0,0,0
0,0,0,0,0,0,0,0,0
0,0,0,0,0,0,0,0,0
0,0,0,0,0,0,0,0,0
0,0,0,0,0,0,0,0,0
0,0,0,0,0,0,0,0,0
0,0,0,0,0,0,0,0,0
0,0,0,0,0,0,0,0,0
0,0,0,0,0,0,0,0,0
0,0,0,0,0,0,0,0,0
0,0,0,0,0,0,0,0,0
0,0,0,0,0,0,0,0,0
36,8,76,62,3,0,0,0,2160
72,4,112,58,3,0,0,0,2160
24,10,64,64,3,0,0,0,2160
78,2,118,56,3,0,0,0,2160
0,0,0,0,0,0,0,0,0
0,0,0,0,0,0,0,0,0
0,0,0,0,0,0,0,0,0
0,0,0,0,0,0,0,0,0
0,0,0,0,0,0,0,0,0
0,0,0,0,0,0,0,0,0
0,0,0,0,0,0,0,0,0
0,0,0,0,0,0,0,0,0
0,0,0,0,0,0,0,0,0
0,0,0,0,0,0,0,0,0
0,0,0,0,0,0,0,0,0
0,0,0,0,0,0,0,0,0
0,0,0,0,0,0,0,0,0
0,0,0,0,0,0,0,0,0
0,0,0,0,0,0,0,0,0
0,0,0,0,0,0,0,0,0
0,0,0,0,0,0,0,0,0
0,0,0,0,0,0,0,0,0
0,0,0,0,0,0,0,0,0
0,0,0,0,0,0,0,0,0
0,0,0,0,0,0,0,0,0
0,0,0,0,0,0,0,0,0
0,0,0,0,0,0,0,0,0
0,0,0,0,0,0,0,0,0
0,0,0,0,0,0,0,0,0
0,0,0,0,0,0,0,0,0
0,0,0,0,0,0,0,0,0
0,0,0,0,0,0,0,0,0
0,0,0,0,0,0,0,0,0
0,0,0,0,0,0,0,0,0
0,0,0,0,0,0,0,0,0
0,0,0,0,0,0,0,0,0
0,0,0,0,0,0,0,0,0
0,0,0,0,0,0,0,0,0
0,0,0,0,0,0,0,0,0
0,0,0,0,0,0,0,0,0
0,0,0,0,0,0,0,0,0
0,0,0,0,0,0,0,0,0
0,0,0,0,0,0,0,0,0
0,0,0,0,0,0,0,0,0
0,0,0,0,0,0,0,0,0
0,0,0,0,0,0,0,0,0
0,0,0,0,0,0,0,0,0
0,0,0,0,0,0,0,0,0

ÅyETC15Åz
0,0,0,0,0,0,0,0,0
0,0,0,0,0,0,0,0,0
0,0,0,0,0,0,0,0,0
0,0,0,0,0,0,0,0,0
0,0,0,0,0,0,0,0,0
0,0,0,0,0,0,0,0,0
0,0,0,0,0,0,0,0,0
0,0,0,0,0,0,0,0,0
0,0,0,0,0,0,0,0,0
0,0,0,0,0,0,0,0,0
0,0,0,0,0,0,0,0,0
0,0,0,0,0,0,0,0,0
0,0,0,0,0,0,0,0,0
0,0,0,0,0,0,0,0,0
0,0,0,0,0,0,0,0,0
0,0,0,0,0,0,0,0,0
0,0,0,0,0,0,0,0,0
0,0,0,0,0,0,0,0,0
0,0,0,0,0,0,0,0,0
0,0,0,0,0,0,0,0,0
0,0,0,0,0,0,0,0,0
0,0,0,0,0,0,0,0,0
0,0,0,0,0,0,0,0,0
0,0,0,0,0,0,0,0,0
50,6,66,42,56,0,0,0,576
82,26,98,62,56,0,0,0,576
50,26,66,62,56,0,0,0,576
82,4,98,40,56,0,0,0,576
0,0,0,0,0,0,0,0,0
0,0,0,0,0,0,0,0,0
0,0,0,0,0,0,0,0,0
0,0,0,0,0,0,0,0,0
0,0,0,0,0,0,0,0,0
0,0,0,0,0,0,0,0,0
0,0,0,0,0,0,0,0,0
0,0,0,0,0,0,0,0,0
0,0,0,0,0,0,0,0,0
0,0,0,0,0,0,0,0,0
0,0,0,0,0,0,0,0,0
0,0,0,0,0,0,0,0,0
0,0,0,0,0,0,0,0,0
0,0,0,0,0,0,0,0,0
0,0,0,0,0,0,0,0,0
0,0,0,0,0,0,0,0,0
0,0,0,0,0,0,0,0,0
0,0,0,0,0,0,0,0,0
0,0,0,0,0,0,0,0,0
0,0,0,0,0,0,0,0,0
0,0,0,0,0,0,0,0,0
0,0,0,0,0,0,0,0,0
0,0,0,0,0,0,0,0,0
0,0,0,0,0,0,0,0,0
0,0,0,0,0,0,0,0,0
0,0,0,0,0,0,0,0,0
0,0,0,0,0,0,0,0,0
0,0,0,0,0,0,0,0,0
0,0,0,0,0,0,0,0,0
0,0,0,0,0,0,0,0,0
0,0,0,0,0,0,0,0,0
0,0,0,0,0,0,0,0,0
0,0,0,0,0,0,0,0,0
0,0,0,0,0,0,0,0,0
0,0,0,0,0,0,0,0,0
0,0,0,0,0,0,0,0,0
0,0,0,0,0,0,0,0,0
0,0,0,0,0,0,0,0,0
0,0,0,0,0,0,0,0,0
0,0,0,0,0,0,0,0,0
0,0,0,0,0,0,0,0,0
0,0,0,0,0,0,0,0,0
0,0,0,0,0,0,0,0,0
0,0,0,0,0,0,0,0,0

ÅyETC16Åz
0,0,0,0,0,0,0,0,0
0,0,0,0,0,0,0,0,0
0,0,0,0,0,0,0,0,0
0,0,0,0,0,0,0,0,0
0,0,0,0,0,0,0,0,0
0,0,0,0,0,0,0,0,0
0,0,0,0,0,0,0,0,0
0,0,0,0,0,0,0,0,0
34,6,56,62,60,60,0,0,1232
70,6,92,62,60,60,0,0,1232
34,6,56,62,60,60,0,0,1232
70,6,92,62,60,60,0,0,1232
34,6,58,62,60,60,0,0,1344
74,6,98,62,60,60,0,0,1344
34,6,58,62,60,60,0,0,1344
74,6,98,62,60,60,0,0,1344
34,6,58,62,60,60,0,0,1344
80,6,104,62,60,60,0,0,1344
34,6,58,62,60,60,0,0,1344
80,6,104,62,60,60,0,0,1344
34,6,58,62,60,60,0,0,1344
80,6,104,62,60,60,0,0,1344
34,6,58,62,60,60,0,0,1344
80,6,104,62,60,60,0,0,1344
34,6,58,62,60,60,0,0,1344
80,6,104,62,60,60,0,0,1344
34,6,58,62,60,60,0,0,1344
80,6,104,62,60,60,0,0,1344
34,6,56,62,60,60,0,0,1232
70,6,92,62,60,60,0,0,1232
34,6,56,62,60,60,0,0,1232
70,6,92,62,60,60,0,0,1232
34,6,58,62,60,60,0,0,1344
74,6,98,62,60,60,0,0,1344
34,6,58,62,60,60,0,0,1344
74,6,98,62,60,60,0,0,1344
34,6,58,62,60,60,0,0,1344
80,6,104,62,60,60,0,0,1344
34,6,58,62,60,60,0,0,1344
80,6,104,62,60,60,0,0,1344
34,6,58,62,60,60,0,0,1344
80,6,104,62,60,60,0,0,1344
34,6,58,62,60,60,0,0,1344
80,6,104,62,60,60,0,0,1344
34,6,58,62,60,60,0,0,1344
80,6,104,62,60,60,0,0,1344
34,6,58,62,60,60,0,0,1344
80,6,104,62,60,60,0,0,1344
0,0,0,0,0,0,0,0,0
0,0,0,0,0,0,0,0,0
0,0,0,0,0,0,0,0,0
0,0,0,0,0,0,0,0,0
0,0,0,0,0,0,0,0,0
0,0,0,0,0,0,0,0,0
0,0,0,0,0,0,0,0,0
0,0,0,0,0,0,0,0,0
0,0,0,0,0,0,0,0,0
0,0,0,0,0,0,0,0,0
0,0,0,0,0,0,0,0,0
0,0,0,0,0,0,0,0,0
0,0,0,0,0,0,0,0,0
0,0,0,0,0,0,0,0,0
0,0,0,0,0,0,0,0,0
0,0,0,0,0,0,0,0,0
0,0,0,0,0,0,0,0,0
0,0,0,0,0,0,0,0,0
0,0,0,0,0,0,0,0,0
0,0,0,0,0,0,0,0,0
0,0,0,0,0,0,0,0,0
0,0,0,0,0,0,0,0,0
0,0,0,0,0,0,0,0,0
0,0,0,0,0,0,0,0,0

ÅyETC17Åz
0,0,0,0,0,0,0,0,0
0,0,0,0,0,0,0,0,0
0,0,0,0,0,0,0,0,0
0,0,0,0,0,0,0,0,0
0,0,0,0,0,0,0,0,0
0,0,0,0,0,0,0,0,0
0,0,0,0,0,0,0,0,0
0,0,0,0,0,0,0,0,0
56,6,78,62,60,60,0,0,1232
48,6,70,62,60,60,0,0,1232
56,6,78,62,60,60,0,0,1232
48,6,70,62,60,60,0,0,1232
58,6,82,62,60,60,0,0,1344
50,6,74,62,60,60,0,0,1344
58,6,82,62,60,60,0,0,1344
50,6,74,62,60,60,0,0,1344
58,6,86,62,60,60,0,0,1568
52,6,80,62,60,60,0,0,1568
58,6,86,62,60,60,0,0,1568
52,6,80,62,60,60,0,0,1568
58,6,86,62,60,60,0,0,1568
52,6,80,62,60,60,0,0,1568
58,6,86,62,60,60,0,0,1568
52,6,80,62,60,60,0,0,1568
58,6,86,62,60,60,0,0,1568
52,6,80,62,60,60,0,0,1568
58,6,86,62,60,60,0,0,1568
52,6,80,62,60,60,0,0,1568
56,6,78,62,60,60,0,0,1232
48,6,70,62,60,60,0,0,1232
56,6,78,62,60,60,0,0,1232
48,6,70,62,60,60,0,0,1232
58,6,82,62,60,60,0,0,1344
50,6,74,62,60,60,0,0,1344
58,6,82,62,60,60,0,0,1344
50,6,74,62,60,60,0,0,1344
58,6,86,62,60,60,0,0,1568
52,6,80,62,60,60,0,0,1568
58,6,86,62,60,60,0,0,1568
52,6,80,62,60,60,0,0,1568
58,6,86,62,60,60,0,0,1568
52,6,80,62,60,60,0,0,1568
58,6,86,62,60,60,0,0,1568
52,6,80,62,60,60,0,0,1568
58,6,86,62,60,60,0,0,1568
52,6,80,62,60,60,0,0,1568
58,6,86,62,60,60,0,0,1568
52,6,80,62,60,60,0,0,1568
0,0,0,0,0,0,0,0,0
0,0,0,0,0,0,0,0,0
0,0,0,0,0,0,0,0,0
0,0,0,0,0,0,0,0,0
0,0,0,0,0,0,0,0,0
0,0,0,0,0,0,0,0,0
0,0,0,0,0,0,0,0,0
0,0,0,0,0,0,0,0,0
0,0,0,0,0,0,0,0,0
0,0,0,0,0,0,0,0,0
0,0,0,0,0,0,0,0,0
0,0,0,0,0,0,0,0,0
0,0,0,0,0,0,0,0,0
0,0,0,0,0,0,0,0,0
0,0,0,0,0,0,0,0,0
0,0,0,0,0,0,0,0,0
0,0,0,0,0,0,0,0,0
0,0,0,0,0,0,0,0,0
0,0,0,0,0,0,0,0,0
0,0,0,0,0,0,0,0,0
0,0,0,0,0,0,0,0,0
0,0,0,0,0,0,0,0,0
0,0,0,0,0,0,0,0,0
0,0,0,0,0,0,0,0,0

